 2.00000E+01
 2.00000E+01
 2.00000E+01
 2.00000E+01
 2.00000E+01
 2.00000E+01
 2.00000E+01
 2.00000E+01
 2.00000E+01
 2.00000E+01
 2.00000E+01
 2.00000E+01
 2.00000E+01
 2.00000E+01
 2.02000E+01
 2.03998E+01
 2.05994E+01
 2.07988E+01
 2.11970E+01
 2.13958E+01
 2.15944E+01
 2.17928E+01
 2.19910E+01
 2.21890E+01
 2.23868E+01
 2.25845E+01
 2.27819E+01
 2.29791E+01
 2.33729E+01
 2.35696E+01
 2.37660E+01
 2.39622E+01
 2.41583E+01
 2.43541E+01
 2.45498E+01
 2.47452E+01
 2.49405E+01
 2.53304E+01
 2.55251E+01
 2.57195E+01
 2.59138E+01
 2.61079E+01
 2.63018E+01
 2.64955E+01
 2.66890E+01
 2.68823E+01
 2.70754E+01
 2.72683E+01
 2.76536E+01
 2.78460E+01
 2.80381E+01
 2.82301E+01
 2.84218E+01
 2.86134E+01
 2.88048E+01
 2.89960E+01
 2.91870E+01
 2.93778E+01
 2.97589E+01
 2.99491E+01
 3.01392E+01
 3.03290E+01
 3.05187E+01
 3.07082E+01
 3.08975E+01
 3.10866E+01
 3.14642E+01
 3.16527E+01
 3.18411E+01
 3.20293E+01
 3.22172E+01
 3.24050E+01
 3.25926E+01
 3.27800E+01
 3.29672E+01
 3.31543E+01
 3.33411E+01
 3.37142E+01
 3.39005E+01
 3.40866E+01
 3.42725E+01
 3.44583E+01
 3.46438E+01
 3.48292E+01
 3.50143E+01
 3.51993E+01
 3.55687E+01
 3.57532E+01
 3.59374E+01
 3.61215E+01
 3.63054E+01
 3.64891E+01
 3.66726E+01
 3.68559E+01
 3.70390E+01
 3.74048E+01
 3.75874E+01
 3.77698E+01
 3.79520E+01
 3.81341E+01
 3.83159E+01
 3.84976E+01
 3.86791E+01
 3.90416E+01
 3.92225E+01
 3.94033E+01
 3.95839E+01
 3.97643E+01
 3.99446E+01
 4.01246E+01
 4.03045E+01
 4.04842E+01
 4.06637E+01
 4.10222E+01
 4.12012E+01
 4.13800E+01
 4.15586E+01
 4.17370E+01
 4.19153E+01
 4.20934E+01
 4.22713E+01
 4.24490E+01
 4.28039E+01
 4.29811E+01
 4.31581E+01
 4.33350E+01
 4.35117E+01
 4.36881E+01
 4.38645E+01
 4.40406E+01
 4.42165E+01
 4.45679E+01
 4.45679E+01
 4.49186E+01
 4.50937E+01
 4.52686E+01
 4.54433E+01
 4.56179E+01
 4.57923E+01
 4.59665E+01
 4.61405E+01
 4.63144E+01
 4.64881E+01
 4.68349E+01
 4.70081E+01
 4.71811E+01
 4.73539E+01
 4.75265E+01
 4.76990E+01
 4.78713E+01
 4.80434E+01
 4.83872E+01
 4.83872E+01
 4.87302E+01
 4.89015E+01
 4.90726E+01
 4.92435E+01
 4.94143E+01
 4.95849E+01
 4.97553E+01
 4.99255E+01
 5.00956E+01
 5.04352E+01
 5.06048E+01
 5.07742E+01
 5.09434E+01
 5.11125E+01
 5.12814E+01
 5.14501E+01
 5.16186E+01
 5.17870E+01
 5.21233E+01
 5.22912E+01
 5.24589E+01
 5.26264E+01
 5.27938E+01
 5.29610E+01
 5.31280E+01
 5.32949E+01
 5.34616E+01
 5.36281E+01
 5.37945E+01
 5.41268E+01
 5.42926E+01
 5.44583E+01
 5.46239E+01
 5.47893E+01
 5.49545E+01
 5.51195E+01
 5.52844E+01
 5.54491E+01
 5.56137E+01
 5.59423E+01
 5.59423E+01
 5.62702E+01
 5.64340E+01
 5.65975E+01
 5.67609E+01
 5.69242E+01
 5.70872E+01
 5.72502E+01
 5.74129E+01
 5.75755E+01
 5.79002E+01
 5.80623E+01
 5.82242E+01
 5.83860E+01
 5.85476E+01
 5.87091E+01
 5.88703E+01
 5.90315E+01
 5.93533E+01
 5.95139E+01
 5.96744E+01
 5.98347E+01
 5.99949E+01
 6.01549E+01
 6.03147E+01
 6.04744E+01
 6.06339E+01
 6.07933E+01
 6.11116E+01
 6.12704E+01
 6.14292E+01
 6.15877E+01
 6.17462E+01
 6.19044E+01
 6.20625E+01
 6.22204E+01
 6.23782E+01
 6.25358E+01
 6.28506E+01
 6.30078E+01
 6.31648E+01
 6.33216E+01
 6.34783E+01
 6.36348E+01
 6.37912E+01
 6.39474E+01
 6.41034E+01
 6.42593E+01
 6.44151E+01
 6.47261E+01
 6.48813E+01
 6.50365E+01
 6.51914E+01
 6.53462E+01
 6.55009E+01
 6.56554E+01
 6.58097E+01
 6.59639E+01
 6.61180E+01
 6.64256E+01
 6.65791E+01
 6.67326E+01
 6.68858E+01
 6.70389E+01
 6.71919E+01
 6.73447E+01
 6.74974E+01
 6.78022E+01
 6.79544E+01
 6.81065E+01
 6.82584E+01
 6.84101E+01
 6.85617E+01
 6.87131E+01
 6.88644E+01
 6.90155E+01
 6.91665E+01
 6.94680E+01
 6.96186E+01
 6.97690E+01
 6.99192E+01
 7.00693E+01
 7.02192E+01
 7.03690E+01
 7.05186E+01
 7.06681E+01
 7.08174E+01
 7.11156E+01
 7.12645E+01
 7.14133E+01
 7.15619E+01
 7.17103E+01
 7.18586E+01
 7.20067E+01
 7.21547E+01
 7.23026E+01
 7.24503E+01
 7.27452E+01
 7.28925E+01
 7.30396E+01
 7.31865E+01
 7.33334E+01
 7.34800E+01
 7.36265E+01
 7.37729E+01
 7.39191E+01
 7.40652E+01
 7.42112E+01
 7.45026E+01
 7.46481E+01
 7.47934E+01
 7.49387E+01
 7.50837E+01
 7.52286E+01
 7.53734E+01
 7.55180E+01
 7.56625E+01
 7.58068E+01
 7.60951E+01
 7.62390E+01
 7.63828E+01
 7.65264E+01
 7.66698E+01
 7.68132E+01
 7.69564E+01
 7.70994E+01
 7.73851E+01
 7.75277E+01
 7.76702E+01
 7.78125E+01
 7.79547E+01
 7.80967E+01
 7.82386E+01
 7.83804E+01
 7.85220E+01
 7.86635E+01
 7.89460E+01
 7.90871E+01
 7.92280E+01
 7.93687E+01
 7.95094E+01
 7.96499E+01
 7.97902E+01
 7.99304E+01
 8.00705E+01
 8.03502E+01
 8.04899E+01
 8.06294E+01
 8.07688E+01
 8.09080E+01
 8.10471E+01
 8.11860E+01
 8.13248E+01
 8.14635E+01
 8.16021E+01
 8.18787E+01
 8.20168E+01
 8.21548E+01
 8.22927E+01
 8.24304E+01
 8.25679E+01
 8.27054E+01
 8.28427E+01
 8.29798E+01
 8.32537E+01
 8.32537E+01
 8.35271E+01
 8.36636E+01
 8.37999E+01
 8.39361E+01
 8.40722E+01
 8.42081E+01
 8.43439E+01
 8.46151E+01
 8.47505E+01
 8.48857E+01
 8.50208E+01
 8.51558E+01
 8.52906E+01
 8.54253E+01
 8.55599E+01
 8.56944E+01
 8.58287E+01
 8.60969E+01
 8.62308E+01
 8.63645E+01
 8.64982E+01
 8.66317E+01
 8.67651E+01
 8.68983E+01
 8.70314E+01
 8.71644E+01
 8.74299E+01
 8.75625E+01
 8.76949E+01
 8.78272E+01
 8.79594E+01
 8.80914E+01
 8.82233E+01
 8.83551E+01
 8.84867E+01
 8.87496E+01
 8.88809E+01
 8.90120E+01
 8.91430E+01
 8.92739E+01
 8.94046E+01
 8.95352E+01
 8.96656E+01
 8.97960E+01
 8.99262E+01
 9.00563E+01
 9.01862E+01
 9.04457E+01
 9.05752E+01
 9.07047E+01
 9.08340E+01
 9.09631E+01
 9.10922E+01
 9.12211E+01
 9.13499E+01
 9.16070E+01
 9.17354E+01
 9.18637E+01
 9.19918E+01
 9.21198E+01
 9.22477E+01
 9.23755E+01
 9.25031E+01
 9.26306E+01
 9.27580E+01
 9.28852E+01
 9.30123E+01
 9.32662E+01
 9.33929E+01
 9.35195E+01
 9.36460E+01
 9.37723E+01
 9.38986E+01
 9.40247E+01
 9.41506E+01
 9.42765E+01
 9.44022E+01
 9.45278E+01
 9.47786E+01
 9.49038E+01
 9.50289E+01
 9.51539E+01
 9.52788E+01
 9.54035E+01
 9.55281E+01
 9.56525E+01
 9.57769E+01
 9.59011E+01
 9.61492E+01
 9.62730E+01
 9.63968E+01
 9.65204E+01
 9.66439E+01
 9.67672E+01
 9.68904E+01
 9.70135E+01
 9.71365E+01
 9.73821E+01
 9.75048E+01
 9.76273E+01
 9.77496E+01
 9.78719E+01
 9.79940E+01
 9.81160E+01
 9.82379E+01
 9.83597E+01
 9.84813E+01
 9.87242E+01
 9.87242E+01
 9.89667E+01
 9.90877E+01
 9.92086E+01
 9.93294E+01
 9.94501E+01
 9.95706E+01
 9.96911E+01
 9.98114E+01
 9.99316E+01
 1.00172E+02
 1.00291E+02
 1.00411E+02
 1.00531E+02
 1.00650E+02
 1.00770E+02
 1.00889E+02
 1.01008E+02
 1.01127E+02
 1.01364E+02
 1.01364E+02
 1.01602E+02
 1.01720E+02
 1.01838E+02
 1.01956E+02
 1.02075E+02
 1.02192E+02
 1.02310E+02
 1.02546E+02
 1.02546E+02
 1.02780E+02
 1.02898E+02
 1.03015E+02
 1.03132E+02
 1.03248E+02
 1.03365E+02
 1.03482E+02
 1.03598E+02
 1.03831E+02
 1.03831E+02
 1.04063E+02
 1.04179E+02
 1.04295E+02
 1.04411E+02
 1.04526E+02
 1.04642E+02
 1.04757E+02
 1.04872E+02
 1.04988E+02
 1.05217E+02
 1.05217E+02
 1.05447E+02
 1.05561E+02
 1.05676E+02
 1.05790E+02
 1.05904E+02
 1.06019E+02
 1.06133E+02
 1.06246E+02
 1.06474E+02
 1.06587E+02
 1.06701E+02
 1.06814E+02
 1.06927E+02
 1.07040E+02
 1.07153E+02
 1.07266E+02
 1.07379E+02
 1.07491E+02
 1.07604E+02
 1.07716E+02
 1.07941E+02
 1.08053E+02
 1.08165E+02
 1.08277E+02
 1.08388E+02
 1.08500E+02
 1.08611E+02
 1.08723E+02
 1.08834E+02
 1.09056E+02
 1.09167E+02
 1.09278E+02
 1.09389E+02
 1.09499E+02
 1.09610E+02
 1.09720E+02
 1.09831E+02
 1.10051E+02
 1.10161E+02
 1.10271E+02
 1.10380E+02
 1.10490E+02
 1.10600E+02
 1.10709E+02
 1.10818E+02
 1.10927E+02
 1.11036E+02
 1.11254E+02
 1.11363E+02
 1.11472E+02
 1.11580E+02
 1.11689E+02
 1.11797E+02
 1.11905E+02
 1.12013E+02
 1.12121E+02
 1.12229E+02
 1.12337E+02
 1.12552E+02
 1.12660E+02
 1.12767E+02
 1.12874E+02
 1.12981E+02
 1.13088E+02
 1.13195E+02
 1.13302E+02
 1.13409E+02
 1.13622E+02
 1.13728E+02
 1.13834E+02
 1.13941E+02
 1.14047E+02
 1.14153E+02
 1.14258E+02
 1.14364E+02
 1.14470E+02
 1.14681E+02
 1.14681E+02
 1.14891E+02
 1.14996E+02
 1.15101E+02
 1.15206E+02
 1.15311E+02
 1.15416E+02
 1.15520E+02
 1.15625E+02
 1.15729E+02
 1.15938E+02
 1.15938E+02
 1.16146E+02
 1.16250E+02
 1.16353E+02
 1.16457E+02
 1.16560E+02
 1.16664E+02
 1.16767E+02
 1.16870E+02
 1.16974E+02
 1.17077E+02
 1.17282E+02
 1.17385E+02
 1.17488E+02
 1.17590E+02
 1.17693E+02
 1.17795E+02
 1.17897E+02
 1.17999E+02
 1.18101E+02
 1.18305E+02
 1.18407E+02
 1.18508E+02
 1.18610E+02
 1.18711E+02
 1.18812E+02
 1.18914E+02
 1.19015E+02
 1.19116E+02
 1.19217E+02
 1.19317E+02
 1.19519E+02
 1.19619E+02
 1.19719E+02
 1.19820E+02
 1.19920E+02
 1.20020E+02
 1.20120E+02
 1.20220E+02
 1.20419E+02
 1.20419E+02
 1.20618E+02
 1.20718E+02
 1.20817E+02
 1.20916E+02
 1.21015E+02
 1.21114E+02
 1.21213E+02
 1.21312E+02
 1.21411E+02
 1.21608E+02
 1.21706E+02
 1.21804E+02
 1.21903E+02
 1.22001E+02
 1.22099E+02
 1.22197E+02
 1.22294E+02
 1.22392E+02
 1.22490E+02
 1.22685E+02
 1.22782E+02
 1.22879E+02
 1.22976E+02
 1.23073E+02
 1.23170E+02
 1.23267E+02
 1.23364E+02
 1.23460E+02
 1.23653E+02
 1.23750E+02
 1.23846E+02
 1.23942E+02
 1.24038E+02
 1.24134E+02
 1.24230E+02
 1.24326E+02
 1.24517E+02
 1.24613E+02
 1.24708E+02
 1.24803E+02
 1.24898E+02
 1.24994E+02
 1.25089E+02
 1.25183E+02
 1.25278E+02
 1.25373E+02
 1.25562E+02
 1.25657E+02
 1.25751E+02
 1.25845E+02
 1.25939E+02
 1.26033E+02
 1.26127E+02
 1.26221E+02
 1.26315E+02
 1.26502E+02
 1.26502E+02
 1.26689E+02
 1.26782E+02
 1.26876E+02
 1.26969E+02
 1.27062E+02
 1.27155E+02
 1.27248E+02
 1.27340E+02
 1.27433E+02
 1.27618E+02
 1.27710E+02
 1.27803E+02
 1.27895E+02
 1.27987E+02
 1.28079E+02
 1.28171E+02
 1.28263E+02
 1.28355E+02
 1.28538E+02
 1.28629E+02
 1.28721E+02
 1.28812E+02
 1.28903E+02
 1.28994E+02
 1.29085E+02
 1.29176E+02
 1.29267E+02
 1.29448E+02
 1.29448E+02
 1.29629E+02
 1.29720E+02
 1.29810E+02
 1.29900E+02
 1.29990E+02
 1.30080E+02
 1.30170E+02
 1.30260E+02
 1.30439E+02
 1.30529E+02
 1.30618E+02
 1.30708E+02
 1.30797E+02
 1.30886E+02
 1.30975E+02
 1.31064E+02
 1.31153E+02
 1.31242E+02
 1.31420E+02
 1.31508E+02
 1.31597E+02
 1.31685E+02
 1.31773E+02
 1.31862E+02
 1.31950E+02
 1.32038E+02
 1.32126E+02
 1.32214E+02
 1.32389E+02
 1.32477E+02
 1.32564E+02
 1.32652E+02
 1.32739E+02
 1.32826E+02
 1.32913E+02
 1.33001E+02
 1.33088E+02
 1.33174E+02
 1.33261E+02
 1.33435E+02
 1.33521E+02
 1.33608E+02
 1.33694E+02
 1.33780E+02
 1.33867E+02
 1.33953E+02
 1.34039E+02
 1.34211E+02
 1.34211E+02
 1.34382E+02
 1.34468E+02
 1.34553E+02
 1.34639E+02
 1.34724E+02
 1.34809E+02
 1.34895E+02
 1.34980E+02
 1.35065E+02
 1.35150E+02
 1.35319E+02
 1.35404E+02
 1.35489E+02
 1.35573E+02
 1.35657E+02
 1.35742E+02
 1.35826E+02
 1.35910E+02
 1.35994E+02
 1.36078E+02
 1.36246E+02
 1.36330E+02
 1.36414E+02
 1.36497E+02
 1.36581E+02
 1.36664E+02
 1.36747E+02
 1.36831E+02
 1.36997E+02
 1.36997E+02
 1.37163E+02
 1.37246E+02
 1.37328E+02
 1.37411E+02
 1.37494E+02
 1.37576E+02
 1.37659E+02
 1.37741E+02
 1.37823E+02
 1.37987E+02
 1.38069E+02
 1.38151E+02
 1.38233E+02
 1.38315E+02
 1.38397E+02
 1.38478E+02
 1.38560E+02
 1.38641E+02
 1.38723E+02
 1.38885E+02
 1.38966E+02
 1.39047E+02
 1.39128E+02
 1.39209E+02
 1.39290E+02
 1.39371E+02
 1.39451E+02
 1.39612E+02
 1.39693E+02
 1.39773E+02
 1.39853E+02
 1.39933E+02
 1.40013E+02
 1.40093E+02
 1.40173E+02
 1.40253E+02
 1.40333E+02
 1.40492E+02
 1.40572E+02
 1.40651E+02
 1.40730E+02
 1.40810E+02
 1.40889E+02
 1.40968E+02
 1.41047E+02
 1.41126E+02
 1.41205E+02
 1.41362E+02
 1.41441E+02
 1.41520E+02
 1.41598E+02
 1.41676E+02
 1.41755E+02
 1.41833E+02
 1.41911E+02
 1.41989E+02
 1.42067E+02
 1.42223E+02
 1.42301E+02
 1.42378E+02
 1.42456E+02
 1.42534E+02
 1.42611E+02
 1.42689E+02
 1.42766E+02
 1.42843E+02
 1.42997E+02
 1.43074E+02
 1.43151E+02
 1.43228E+02
 1.43305E+02
 1.43382E+02
 1.43458E+02
 1.43535E+02
 1.43611E+02
 1.43688E+02
 1.43840E+02
 1.43916E+02
 1.43992E+02
 1.44068E+02
 1.44144E+02
 1.44220E+02
 1.44296E+02
 1.44372E+02
 1.44447E+02
 1.44598E+02
 1.44674E+02
 1.44749E+02
 1.44824E+02
 1.44899E+02
 1.44974E+02
 1.45050E+02
 1.45124E+02
 1.45199E+02
 1.45274E+02
 1.45349E+02
 1.45498E+02
 1.45573E+02
 1.45647E+02
 1.45721E+02
 1.45796E+02
 1.45870E+02
 1.45944E+02
 1.46018E+02
 1.46166E+02
 1.46166E+02
 1.46314E+02
 1.46387E+02
 1.46461E+02
 1.46534E+02
 1.46608E+02
 1.46681E+02
 1.46755E+02
 1.46828E+02
 1.46901E+02
 1.46974E+02
 1.47120E+02
 1.47193E+02
 1.47266E+02
 1.47338E+02
 1.47411E+02
 1.47484E+02
 1.47556E+02
 1.47629E+02
 1.47701E+02
 1.47846E+02
 1.47846E+02
 1.47990E+02
 1.48062E+02
 1.48134E+02
 1.48206E+02
 1.48277E+02
 1.48349E+02
 1.48421E+02
 1.48564E+02
 1.48564E+02
 1.48707E+02
 1.48778E+02
 1.48849E+02
 1.48920E+02
 1.48991E+02
 1.49062E+02
 1.49133E+02
 1.49204E+02
 1.49346E+02
 1.49346E+02
 1.49487E+02
 1.49557E+02
 1.49628E+02
 1.49698E+02
 1.49769E+02
 1.49839E+02
 1.49909E+02
 1.49979E+02
 1.50049E+02
 1.50189E+02
 1.50259E+02
 1.50328E+02
 1.50398E+02
 1.50468E+02
 1.50537E+02
 1.50607E+02
 1.50676E+02
 1.50745E+02
 1.50815E+02
 1.50884E+02
 1.51022E+02
 1.51091E+02
 1.51160E+02
 1.51229E+02
 1.51298E+02
 1.51366E+02
 1.51435E+02
 1.51503E+02
 1.51572E+02
 1.51640E+02
 1.51777E+02
 1.51777E+02
 1.51913E+02
 1.51982E+02
 1.52050E+02
 1.52117E+02
 1.52185E+02
 1.52253E+02
 1.52321E+02
 1.52389E+02
 1.52524E+02
 1.52591E+02
 1.52659E+02
 1.52726E+02
 1.52793E+02
 1.52860E+02
 1.52928E+02
 1.52995E+02
 1.53062E+02
 1.53129E+02
 1.53262E+02
 1.53329E+02
 1.53396E+02
 1.53462E+02
 1.53529E+02
 1.53595E+02
 1.53662E+02
 1.53728E+02
 1.53794E+02
 1.53861E+02
 1.53993E+02
 1.54059E+02
 1.54125E+02
 1.54191E+02
 1.54256E+02
 1.54322E+02
 1.54388E+02
 1.54453E+02
 1.54519E+02
 1.54584E+02
 1.54715E+02
 1.54781E+02
 1.54846E+02
 1.54911E+02
 1.54976E+02
 1.55041E+02
 1.55106E+02
 1.55171E+02
 1.55236E+02
 1.55300E+02
 1.55430E+02
 1.55494E+02
 1.55559E+02
 1.55623E+02
 1.55688E+02
 1.55752E+02
 1.55816E+02
 1.55880E+02
 1.55945E+02
 1.56073E+02
 1.56137E+02
 1.56200E+02
 1.56264E+02
 1.56328E+02
 1.56392E+02
 1.56455E+02
 1.56519E+02
 1.56582E+02
 1.56646E+02
 1.56709E+02
 1.56836E+02
 1.56899E+02
 1.56962E+02
 1.57025E+02
 1.57088E+02
 1.57151E+02
 1.57214E+02
 1.57276E+02
 1.57339E+02
 1.57464E+02
 1.57527E+02
 1.57589E+02
 1.57652E+02
 1.57714E+02
 1.57776E+02
 1.57839E+02
 1.57901E+02
 1.57963E+02
 1.58025E+02
 1.58087E+02
 1.58211E+02
 1.58272E+02
 1.58334E+02
 1.58396E+02
 1.58457E+02
 1.58519E+02
 1.58580E+02
 1.58642E+02
 1.58703E+02
 1.58765E+02
 1.58826E+02
 1.58948E+02
 1.59009E+02
 1.59070E+02
 1.59131E+02
 1.59192E+02
 1.59253E+02
 1.59313E+02
 1.59374E+02
 1.59495E+02
 1.59495E+02
 1.59616E+02
 1.59677E+02
 1.59737E+02
 1.59797E+02
 1.59857E+02
 1.59918E+02
 1.59978E+02
 1.60038E+02
 1.60098E+02
 1.60158E+02
 1.60277E+02
 1.60337E+02
 1.60397E+02
 1.60456E+02
 1.60516E+02
 1.60575E+02
 1.60635E+02
 1.60694E+02
 1.60813E+02
 1.60872E+02
 1.60931E+02
 1.60990E+02
 1.61049E+02
 1.61108E+02
 1.61167E+02
 1.61226E+02
 1.61284E+02
 1.61343E+02
 1.61460E+02
 1.61519E+02
 1.61577E+02
 1.61636E+02
 1.61694E+02
 1.61752E+02
 1.61811E+02
 1.61869E+02
 1.61927E+02
 1.61985E+02
 1.62043E+02
 1.62159E+02
 1.62217E+02
 1.62275E+02
 1.62332E+02
 1.62390E+02
 1.62448E+02
 1.62505E+02
 1.62563E+02
 1.62620E+02
 1.62677E+02
 1.62792E+02
 1.62849E+02
 1.62906E+02
 1.62963E+02
 1.63020E+02
 1.63077E+02
 1.63134E+02
 1.63191E+02
 1.63248E+02
 1.63305E+02
 1.63362E+02
 1.63475E+02
 1.63531E+02
 1.63588E+02
 1.63644E+02
 1.63700E+02
 1.63757E+02
 1.63813E+02
 1.63869E+02
 1.63925E+02
 1.63981E+02
 1.64037E+02
 1.64149E+02
 1.64205E+02
 1.64261E+02
 1.64317E+02
 1.64372E+02
 1.64428E+02
 1.64484E+02
 1.64539E+02
 1.64595E+02
 1.64705E+02
 1.64761E+02
 1.64816E+02
 1.64871E+02
 1.64926E+02
 1.64981E+02
 1.65036E+02
 1.65091E+02
 1.65146E+02
 1.65201E+02
 1.65311E+02
 1.65365E+02
 1.65420E+02
 1.65474E+02
 1.65529E+02
 1.65583E+02
 1.65638E+02
 1.65692E+02
 1.65747E+02
 1.65855E+02
 1.65909E+02
 1.65963E+02
 1.66017E+02
 1.66071E+02
 1.66125E+02
 1.66179E+02
 1.66233E+02
 1.66287E+02
 1.66340E+02
 1.66448E+02
 1.66501E+02
 1.66555E+02
 1.66608E+02
 1.66662E+02
 1.66715E+02
 1.66768E+02
 1.66821E+02
 1.66875E+02
 1.66928E+02
 1.66981E+02
 1.67087E+02
 1.67140E+02
 1.67193E+02
 1.67245E+02
 1.67298E+02
 1.67351E+02
 1.67403E+02
 1.67456E+02
 1.67561E+02
 1.67614E+02
 1.67666E+02
 1.67718E+02
 1.67771E+02
 1.67823E+02
 1.67875E+02
 1.67927E+02
 1.67979E+02
 1.68031E+02
 1.68135E+02
 1.68187E+02
 1.68239E+02
 1.68290E+02
 1.68342E+02
 1.68394E+02
 1.68445E+02
 1.68497E+02
 1.68548E+02
 1.68600E+02
 1.68651E+02
 1.68754E+02
 1.68805E+02
 1.68856E+02
 1.68908E+02
 1.68959E+02
 1.69010E+02
 1.69061E+02
 1.69112E+02
 1.69163E+02
 1.69264E+02
 1.69264E+02
 1.69366E+02
 1.69416E+02
 1.69467E+02
 1.69517E+02
 1.69568E+02
 1.69618E+02
 1.69669E+02
 1.69719E+02
 1.69819E+02
 1.69819E+02
 1.69920E+02
 1.69970E+02
 1.70020E+02
 1.70070E+02
 1.70120E+02
 1.70170E+02
 1.70219E+02
 1.70269E+02
 1.70319E+02
 1.70418E+02
 1.70468E+02
 1.70517E+02
 1.70567E+02
 1.70616E+02
 1.70666E+02
 1.70715E+02
 1.70764E+02
 1.70814E+02
 1.70863E+02
 1.70961E+02
 1.70961E+02
 1.71059E+02
 1.71108E+02
 1.71157E+02
 1.71206E+02
 1.71254E+02
 1.71303E+02
 1.71352E+02
 1.71401E+02
 1.71498E+02
 1.71498E+02
 1.71595E+02
 1.71643E+02
 1.71691E+02
 1.71740E+02
 1.71788E+02
 1.71836E+02
 1.71884E+02
 1.71932E+02
 1.71981E+02
 1.72077E+02
 1.72124E+02
 1.72172E+02
 1.72220E+02
 1.72268E+02
 1.72316E+02
 1.72363E+02
 1.72411E+02
 1.72459E+02
 1.72554E+02
 1.72601E+02
 1.72648E+02
 1.72696E+02
 1.72743E+02
 1.72790E+02
 1.72838E+02
 1.72885E+02
 1.72979E+02
 1.72979E+02
 1.73073E+02
 1.73120E+02
 1.73167E+02
 1.73214E+02
 1.73260E+02
 1.73307E+02
 1.73354E+02
 1.73400E+02
 1.73447E+02
 1.73540E+02
 1.73587E+02
 1.73633E+02
 1.73679E+02
 1.73726E+02
 1.73772E+02
 1.73818E+02
 1.73864E+02
 1.73957E+02
 1.74003E+02
 1.74049E+02
 1.74095E+02
 1.74140E+02
 1.74186E+02
 1.74232E+02
 1.74278E+02
 1.74324E+02
 1.74369E+02
 1.74460E+02
 1.74506E+02
 1.74551E+02
 1.74597E+02
 1.74642E+02
 1.74688E+02
 1.74733E+02
 1.74778E+02
 1.74869E+02
 1.74869E+02
 1.74959E+02
 1.75004E+02
 1.75049E+02
 1.75094E+02
 1.75139E+02
 1.75184E+02
 1.75229E+02
 1.75273E+02
 1.75363E+02
 1.75407E+02
 1.75452E+02
 1.75496E+02
 1.75541E+02
 1.75585E+02
 1.75630E+02
 1.75674E+02
 1.75719E+02
 1.75763E+02
 1.75807E+02
 1.75895E+02
 1.75940E+02
 1.75984E+02
 1.76028E+02
 1.76072E+02
 1.76116E+02
 1.76159E+02
 1.76247E+02
 1.76247E+02
 1.76334E+02
 1.76378E+02
 1.76422E+02
 1.76465E+02
 1.76509E+02
 1.76552E+02
 1.76596E+02
 1.76639E+02
 1.76726E+02
 1.76769E+02
 1.76812E+02
 1.76856E+02
 1.76899E+02
 1.76942E+02
 1.76985E+02
 1.77028E+02
 1.77071E+02
 1.77114E+02
 1.77200E+02
 1.77242E+02
 1.77285E+02
 1.77328E+02
 1.77371E+02
 1.77413E+02
 1.77456E+02
 1.77498E+02
 1.77541E+02
 1.77626E+02
 1.77668E+02
 1.77710E+02
 1.77753E+02
 1.77795E+02
 1.77837E+02
 1.77879E+02
 1.77921E+02
 1.77963E+02
 1.78005E+02
 1.78047E+02
 1.78131E+02
 1.78173E+02
 1.78215E+02
 1.78257E+02
 1.78299E+02
 1.78340E+02
 1.78382E+02
 1.78424E+02
 1.78465E+02
 1.78548E+02
 1.78590E+02
 1.78631E+02
 1.78672E+02
 1.78714E+02
 1.78755E+02
 1.78796E+02
 1.78837E+02
 1.78879E+02
 1.78920E+02
 1.79002E+02
 1.79043E+02
 1.79084E+02
 1.79125E+02
 1.79166E+02
 1.79206E+02
 1.79247E+02
 1.79288E+02
 1.79369E+02
 1.79410E+02
 1.79451E+02
 1.79491E+02
 1.79532E+02
 1.79572E+02
 1.79613E+02
 1.79653E+02
 1.79693E+02
 1.79734E+02
 1.79774E+02
 1.79854E+02
 1.79894E+02
 1.79934E+02
 1.79975E+02
 1.80015E+02
 1.80055E+02
 1.80094E+02
 1.80134E+02
 1.80174E+02
 1.80214E+02
 1.80254E+02
 1.80294E+02
 1.80373E+02
 1.80413E+02
 1.80452E+02
 1.80492E+02
 1.80531E+02
 1.80571E+02
 1.80610E+02
 1.80650E+02
 1.80689E+02
 1.80728E+02
 1.80807E+02
 1.80846E+02
 1.80885E+02
 1.80924E+02
 1.80963E+02
 1.81002E+02
 1.81041E+02
 1.81080E+02
 1.81158E+02
 1.81197E+02
 1.81236E+02
 1.81274E+02
 1.81313E+02
 1.81352E+02
 1.81391E+02
 1.81429E+02
 1.81468E+02
 1.81506E+02
 1.81545E+02
 1.81583E+02
 1.81660E+02
 1.81698E+02
 1.81737E+02
 1.81775E+02
 1.81813E+02
 1.81851E+02
 1.81889E+02
 1.81928E+02
 1.81966E+02
 1.82042E+02
 1.82080E+02
 1.82118E+02
 1.82155E+02
 1.82193E+02
 1.82231E+02
 1.82269E+02
 1.82307E+02
 1.82344E+02
 1.82382E+02
 1.82457E+02
 1.82495E+02
 1.82532E+02
 1.82570E+02
 1.82607E+02
 1.82644E+02
 1.82682E+02
 1.82719E+02
 1.82756E+02
 1.82794E+02
 1.82868E+02
 1.82905E+02
 1.82942E+02
 1.82979E+02
 1.83016E+02
 1.83053E+02
 1.83090E+02
 1.83127E+02
 1.83164E+02
 1.83238E+02
 1.83274E+02
 1.83311E+02
 1.83348E+02
 1.83385E+02
 1.83421E+02
 1.83458E+02
 1.83494E+02
 1.83531E+02
 1.83567E+02
 1.83604E+02
 1.83676E+02
 1.83713E+02
 1.83749E+02
 1.83785E+02
 1.83821E+02
 1.83858E+02
 1.83894E+02
 1.83930E+02
 1.83966E+02
 1.84038E+02
 1.84074E+02
 1.84110E+02
 1.84146E+02
 1.84182E+02
 1.84217E+02
 1.84253E+02
 1.84289E+02
 1.84325E+02
 1.84360E+02
 1.84396E+02
 1.84467E+02
 1.84503E+02
 1.84538E+02
 1.84574E+02
 1.84609E+02
 1.84645E+02
 1.84680E+02
 1.84715E+02
 1.84786E+02
 1.84821E+02
 1.84856E+02
 1.84891E+02
 1.84926E+02
 1.84961E+02
 1.84996E+02
 1.85031E+02
 1.85066E+02
 1.85136E+02
 1.85171E+02
 1.85206E+02
 1.85241E+02
 1.85276E+02
 1.85310E+02
 1.85345E+02
 1.85380E+02
 1.85414E+02
 1.85449E+02
 1.85483E+02
 1.85552E+02
 1.85587E+02
 1.85621E+02
 1.85656E+02
 1.85690E+02
 1.85724E+02
 1.85759E+02
 1.85793E+02
 1.85861E+02
 1.85895E+02
 1.85929E+02
 1.85963E+02
 1.85997E+02
 1.86031E+02
 1.86065E+02
 1.86099E+02
 1.86133E+02
 1.86167E+02
 1.86235E+02
 1.86235E+02
 1.86302E+02
 1.86336E+02
 1.86370E+02
 1.86403E+02
 1.86437E+02
 1.86470E+02
 1.86504E+02
 1.86537E+02
 1.86604E+02
 1.86604E+02
 1.86671E+02
 1.86704E+02
 1.86738E+02
 1.86771E+02
 1.86804E+02
 1.86837E+02
 1.86871E+02
 1.86904E+02
 1.86970E+02
 1.86970E+02
 1.87036E+02
 1.87069E+02
 1.87102E+02
 1.87135E+02
 1.87168E+02
 1.87200E+02
 1.87233E+02
 1.87266E+02
 1.87331E+02
 1.87364E+02
 1.87397E+02
 1.87429E+02
 1.87462E+02
 1.87494E+02
 1.87527E+02
 1.87559E+02
 1.87592E+02
 1.87624E+02
 1.87657E+02
 1.87689E+02
 1.87754E+02
 1.87786E+02
 1.87818E+02
 1.87850E+02
 1.87882E+02
 1.87914E+02
 1.87947E+02
 1.87979E+02
 1.88011E+02
 1.88075E+02
 1.88106E+02
 1.88138E+02
 1.88170E+02
 1.88202E+02
 1.88234E+02
 1.88266E+02
 1.88297E+02
 1.88361E+02
 1.88392E+02
 1.88424E+02
 1.88456E+02
 1.88487E+02
 1.88519E+02
 1.88550E+02
 1.88582E+02
 1.88613E+02
 1.88676E+02
 1.88676E+02
 1.88738E+02
 1.88770E+02
 1.88801E+02
 1.88832E+02
 1.88863E+02
 1.88894E+02
 1.88925E+02
 1.88957E+02
 1.88988E+02
 1.89019E+02
 1.89081E+02
 1.89111E+02
 1.89142E+02
 1.89173E+02
 1.89204E+02
 1.89235E+02
 1.89266E+02
 1.89296E+02
 1.89327E+02
 1.89388E+02
 1.89419E+02
 1.89449E+02
 1.89480E+02
 1.89511E+02
 1.89541E+02
 1.89571E+02
 1.89602E+02
 1.89632E+02
 1.89663E+02
 1.89723E+02
 1.89754E+02
 1.89784E+02
 1.89814E+02
 1.89844E+02
 1.89874E+02
 1.89904E+02
 1.89935E+02
 1.89965E+02
 1.89995E+02
 1.90025E+02
 1.90085E+02
 1.90115E+02
 1.90144E+02
 1.90174E+02
 1.90204E+02
 1.90234E+02
 1.90264E+02
 1.90293E+02
 1.90323E+02
 1.90382E+02
 1.90412E+02
 1.90442E+02
 1.90471E+02
 1.90501E+02
 1.90530E+02
 1.90560E+02
 1.90589E+02
 1.90619E+02
 1.90648E+02
 1.90707E+02
 1.90736E+02
 1.90765E+02
 1.90794E+02
 1.90824E+02
 1.90853E+02
 1.90882E+02
 1.90911E+02
 1.90940E+02
 1.90969E+02
 1.91027E+02
 1.91027E+02
 1.91085E+02
 1.91114E+02
 1.91143E+02
 1.91172E+02
 1.91201E+02
 1.91229E+02
 1.91258E+02
 1.91287E+02
 1.91344E+02
 1.91373E+02
 1.91402E+02
 1.91430E+02
 1.91459E+02
 1.91487E+02
 1.91516E+02
 1.91544E+02
 1.91573E+02
 1.91601E+02
 1.91630E+02
 1.91686E+02
 1.91715E+02
 1.91743E+02
 1.91771E+02
 1.91799E+02
 1.91828E+02
 1.91856E+02
 1.91884E+02
 1.91940E+02
 1.91968E+02
 1.91996E+02
 1.92024E+02
 1.92052E+02
 1.92080E+02
 1.92108E+02
 1.92136E+02
 1.92164E+02
 1.92219E+02
 1.92247E+02
 1.92275E+02
 1.92303E+02
 1.92330E+02
 1.92358E+02
 1.92386E+02
 1.92413E+02
 1.92441E+02
 1.92468E+02
 1.92524E+02
 1.92551E+02
 1.92578E+02
 1.92606E+02
 1.92633E+02
 1.92661E+02
 1.92688E+02
 1.92715E+02
 1.92743E+02
 1.92770E+02
 1.92824E+02
 1.92851E+02
 1.92879E+02
 1.92906E+02
 1.92933E+02
 1.92960E+02
 1.92987E+02
 1.93014E+02
 1.93041E+02
 1.93095E+02
 1.93095E+02
 1.93149E+02
 1.93175E+02
 1.93202E+02
 1.93229E+02
 1.93256E+02
 1.93283E+02
 1.93309E+02
 1.93336E+02
 1.93363E+02
 1.93416E+02
 1.93442E+02
 1.93469E+02
 1.93496E+02
 1.93522E+02
 1.93549E+02
 1.93575E+02
 1.93601E+02
 1.93628E+02
 1.93681E+02
 1.93707E+02
 1.93733E+02
 1.93759E+02
 1.93786E+02
 1.93812E+02
 1.93838E+02
 1.93890E+02
 1.93890E+02
 1.93943E+02
 1.93969E+02
 1.93995E+02
 1.94021E+02
 1.94047E+02
 1.94073E+02
 1.94098E+02
 1.94124E+02
 1.94176E+02
 1.94202E+02
 1.94228E+02
 1.94254E+02
 1.94279E+02
 1.94305E+02
 1.94331E+02
 1.94356E+02
 1.94382E+02
 1.94408E+02
 1.94459E+02
 1.94484E+02
 1.94510E+02
 1.94535E+02
 1.94561E+02
 1.94586E+02
 1.94612E+02
 1.94637E+02
 1.94688E+02
 1.94688E+02
 1.94738E+02
 1.94764E+02
 1.94789E+02
 1.94814E+02
 1.94839E+02
 1.94864E+02
 1.94890E+02
 1.94915E+02
 1.94940E+02
 1.94990E+02
 1.95015E+02
 1.95040E+02
 1.95065E+02
 1.95090E+02
 1.95115E+02
 1.95140E+02
 1.95164E+02
 1.95189E+02
 1.95239E+02
 1.95264E+02
 1.95288E+02
 1.95313E+02
 1.95338E+02
 1.95362E+02
 1.95387E+02
 1.95412E+02
 1.95461E+02
 1.95485E+02
 1.95510E+02
 1.95534E+02
 1.95559E+02
 1.95583E+02
 1.95608E+02
 1.95632E+02
 1.95656E+02
 1.95681E+02
 1.95705E+02
 1.95754E+02
 1.95778E+02
 1.95802E+02
 1.95826E+02
 1.95850E+02
 1.95875E+02
 1.95899E+02
 1.95923E+02
 1.95947E+02
 1.95995E+02
 1.96019E+02
 1.96043E+02
 1.96067E+02
 1.96091E+02
 1.96115E+02
 1.96139E+02
 1.96163E+02
 1.96186E+02
 1.96210E+02
 1.96234E+02
 1.96281E+02
 1.96305E+02
 1.96329E+02
 1.96353E+02
 1.96376E+02
 1.96400E+02
 1.96423E+02
 1.96447E+02
 1.96494E+02
 1.96494E+02
 1.96541E+02
 1.96565E+02
 1.96588E+02
 1.96611E+02
 1.96635E+02
 1.96658E+02
 1.96681E+02
 1.96705E+02
 1.96751E+02
 1.96775E+02
 1.96798E+02
 1.96821E+02
 1.96844E+02
 1.96867E+02
 1.96891E+02
 1.96914E+02
 1.96937E+02
 1.96960E+02
 1.96983E+02
 1.97029E+02
 1.97052E+02
 1.97075E+02
 1.97098E+02
 1.97121E+02
 1.97143E+02
 1.97166E+02
 1.97189E+02
 1.97212E+02
 1.97235E+02
 1.97280E+02
 1.97303E+02
 1.97326E+02
 1.97348E+02
 1.97371E+02
 1.97394E+02
 1.97416E+02
 1.97439E+02
 1.97484E+02
 1.97506E+02
 1.97529E+02
 1.97551E+02
 1.97574E+02
 1.97596E+02
 1.97619E+02
 1.97641E+02
 1.97663E+02
 1.97686E+02
 1.97708E+02
 1.97753E+02
 1.97775E+02
 1.97797E+02
 1.97819E+02
 1.97841E+02
 1.97864E+02
 1.97886E+02
 1.97908E+02
 1.97930E+02
 1.97974E+02
 1.97996E+02
 1.98018E+02
 1.98040E+02
 1.98062E+02
 1.98084E+02
 1.98106E+02
 1.98128E+02
 1.98172E+02
 1.98193E+02
 1.98215E+02
 1.98237E+02
 1.98259E+02
 1.98280E+02
 1.98302E+02
 1.98324E+02
 1.98346E+02
 1.98367E+02
 1.98389E+02
 1.98432E+02
 1.98454E+02
 1.98475E+02
 1.98497E+02
 1.98518E+02
 1.98540E+02
 1.98561E+02
 1.98583E+02
 1.98625E+02
 1.98647E+02
 1.98668E+02
 1.98689E+02
 1.98711E+02
 1.98732E+02
 1.98753E+02
 1.98775E+02
 1.98796E+02
 1.98817E+02
 1.98859E+02
 1.98880E+02
 1.98902E+02
 1.98923E+02
 1.98944E+02
 1.98965E+02
 1.98986E+02
 1.99007E+02
 1.99049E+02
 1.99049E+02
 1.99091E+02
 1.99112E+02
 1.99132E+02
 1.99153E+02
 1.99174E+02
 1.99195E+02
 1.99216E+02
 1.99257E+02
 1.99278E+02
 1.99299E+02
 1.99320E+02
 1.99340E+02
 1.99361E+02
 1.99382E+02
 1.99402E+02
 1.99423E+02
 1.99443E+02
 1.99464E+02
 1.99505E+02
 1.99525E+02
 1.99546E+02
 1.99566E+02
 1.99587E+02
 1.99607E+02
 1.99628E+02
 1.99648E+02
 1.99689E+02
 1.99709E+02
 1.99729E+02
 1.99750E+02
 1.99770E+02
 1.99790E+02
 1.99810E+02
 1.99830E+02
 1.99851E+02
 1.99891E+02
 1.99911E+02
 1.99931E+02
 1.99951E+02
 1.99971E+02
 1.99991E+02
 2.00011E+02
 2.00031E+02
 2.00051E+02
 2.00071E+02
 2.00091E+02
 2.00131E+02
 2.00151E+02
 2.00171E+02
 2.00190E+02
 2.00210E+02
 2.00230E+02
 2.00250E+02
 2.00270E+02
 2.00309E+02
 2.00329E+02
 2.00348E+02
 2.00368E+02
 2.00388E+02
 2.00407E+02
 2.00427E+02
 2.00446E+02
 2.00466E+02
 2.00485E+02
 2.00524E+02
 2.00544E+02
 2.00563E+02
 2.00583E+02
 2.00602E+02
 2.00622E+02
 2.00641E+02
 2.00660E+02
 2.00680E+02
 2.00718E+02
 2.00738E+02
 2.00757E+02
 2.00776E+02
 2.00795E+02
 2.00815E+02
 2.00834E+02
 2.00853E+02
 2.00872E+02
 2.00910E+02
 2.00929E+02
 2.00948E+02
 2.00968E+02
 2.00987E+02
 2.01006E+02
 2.01025E+02
 2.01044E+02
 2.01081E+02
 2.01081E+02
 2.01119E+02
 2.01138E+02
 2.01157E+02
 2.01176E+02
 2.01195E+02
 2.01213E+02
 2.01232E+02
 2.01251E+02
 2.01288E+02
 2.01307E+02
 2.01326E+02
 2.01345E+02
 2.01363E+02
 2.01382E+02
 2.01400E+02
 2.01419E+02
 2.01438E+02
 2.01475E+02
 2.01493E+02
 2.01512E+02
 2.01530E+02
 2.01549E+02
 2.01567E+02
 2.01586E+02
 2.01604E+02
 2.01622E+02
 2.01641E+02
 2.01659E+02
 2.01696E+02
 2.01714E+02
 2.01732E+02
 2.01751E+02
 2.01769E+02
 2.01787E+02
 2.01805E+02
 2.01824E+02
 2.01842E+02
 2.01878E+02
 2.01896E+02
 2.01914E+02
 2.01932E+02
 2.01950E+02
 2.01969E+02
 2.01987E+02
 2.02005E+02
 2.02023E+02
 2.02058E+02
 2.02076E+02
 2.02094E+02
 2.02112E+02
 2.02130E+02
 2.02148E+02
 2.02166E+02
 2.02184E+02
 2.02202E+02
 2.02237E+02
 2.02255E+02
 2.02273E+02
 2.02290E+02
 2.02308E+02
 2.02326E+02
 2.02343E+02
 2.02361E+02
 2.02379E+02
 2.02414E+02
 2.02432E+02
 2.02449E+02
 2.02467E+02
 2.02484E+02
 2.02502E+02
 2.02519E+02
 2.02537E+02
 2.02554E+02
 2.02572E+02
 2.02606E+02
 2.02624E+02
 2.02641E+02
 2.02659E+02
 2.02676E+02
 2.02693E+02
 2.02710E+02
 2.02728E+02
 2.02745E+02
 2.02780E+02
 2.02797E+02
 2.02814E+02
 2.02831E+02
 2.02848E+02
 2.02865E+02
 2.02883E+02
 2.02900E+02
 2.02934E+02
 2.02934E+02
 2.02968E+02
 2.02985E+02
 2.03002E+02
 2.03019E+02
 2.03036E+02
 2.03053E+02
 2.03070E+02
 2.03104E+02
 2.03104E+02
 2.03138E+02
 2.03154E+02
 2.03171E+02
 2.03188E+02
 2.03205E+02
 2.03222E+02
 2.03239E+02
 2.03255E+02
 2.03272E+02
 2.03305E+02
 2.03322E+02
 2.03339E+02
 2.03355E+02
 2.03372E+02
