 5.62081E-01
 5.24072E-01
 5.60948E-01
 5.60390E-01
 5.22510E-01
 5.59274E-01
 5.58716E-01
 1.11576E+00
 5.57042E-01
 5.19385E-01
 5.55926E-01
 5.55368E-01
 5.54810E-01
 5.54252E-01
 5.53711E-01
 5.95703E-01
 5.15755E-01
 1.10353E+00
 0.00000E+00
 1.02791E+00
 5.92135E-01
 5.12663E-01
 5.48741E-01
 5.48200E-01
 5.47642E-01
 5.47102E-01
 5.46544E-01
 1.01870E+00
 5.44904E-01
 5.44364E-01
 5.43823E-01
 5.43283E-01
 5.42742E-01
 5.42184E-01
 5.41643E-01
 5.41103E-01
 5.40562E-01
 1.07950E+00
 5.38940E-01
 5.38400E-01
 5.37877E-01
 5.37336E-01
 5.01009E-01
 5.36255E-01
 5.35714E-01
 5.35191E-01
 5.34651E-01
 1.06770E+00
 4.97510E-01
 5.32523E-01
 5.31982E-01
 5.31442E-01
 5.30919E-01
 5.30396E-01
 4.94531E-01
 5.29332E-01
 1.05706E+00
 0.00000E+00
 1.05497E+00
 5.26681E-01
 5.26158E-01
 4.90592E-01
 5.25112E-01
 5.24588E-01
 5.24065E-01
 5.23542E-01
 5.23019E-01
 9.74837E-01
 5.21450E-01
 5.20926E-01
 5.20403E-01
 5.19880E-01
 5.59307E-01
 5.18834E-01
 5.18328E-01
 4.83285E-01
 5.17282E-01
 1.03303E+00
 5.15730E-01
 5.15224E-01
 5.14701E-01
 5.14195E-01
 5.13672E-01
 5.13166E-01
 5.12643E-01
 5.12137E-01
 4.77523E-01
 1.02171E+00
 5.10097E-01
 5.09574E-01
 5.09068E-01
 5.08562E-01
 5.08057E-01
 4.73714E-01
 5.46049E-01
 4.72770E-01
 1.01153E+00
 5.05005E-01
 5.04499E-01
 5.04011E-01
 5.03505E-01
 5.02999E-01
 4.68994E-01
 5.01988E-01
 5.01482E-01
 1.00148E+00
 0.00000E+00
 9.99477E-01
 4.98989E-01
 4.98500E-01
 4.97977E-01
 4.97489E-01
 4.97001E-01
 4.96512E-01
 4.62923E-01
 9.90513E-01
 4.94524E-01
 4.61068E-01
 4.93513E-01
 4.93025E-01
 4.92536E-01
 4.92048E-01
 4.58789E-01
 4.91071E-01
 4.90583E-01
 4.90095E-01
 9.78690E-01
 4.88595E-01
 4.88107E-01
 4.87619E-01
 4.87130E-01
 4.86677E-01
 4.86189E-01
 4.53320E-01
 4.85212E-01
 9.68959E-01
 4.83747E-01
 4.83259E-01
 4.82771E-01
 4.50130E-01
 4.81829E-01
 4.81341E-01
 4.80852E-01
 4.80364E-01
 4.79876E-01
 9.58357E-01
 4.78446E-01
 4.77958E-01
 4.77504E-01
 4.77016E-01
 4.76528E-01
 4.76074E-01
 4.75586E-01
 4.75098E-01
 9.48800E-01
 4.73703E-01
 4.73214E-01
 4.72726E-01
 4.72273E-01
 4.71784E-01
 4.39909E-01
 4.70843E-01
 4.70389E-01
 4.69901E-01
 4.69448E-01
 9.37465E-01
 4.68052E-01
 4.36393E-01
 4.67111E-01
 4.66623E-01
 4.66169E-01
 4.65716E-01
 4.34212E-01
 9.29095E-01
 4.63832E-01
 4.63379E-01
 4.62925E-01
 4.31608E-01
 4.61984E-01
 4.61530E-01
 4.61077E-01
 4.60589E-01
 4.60135E-01
 4.59682E-01
 8.56803E-01
 4.58322E-01
 4.57833E-01
 4.57380E-01
 4.56927E-01
 4.91587E-01
 4.56020E-01
 4.25195E-01
 4.90122E-01
 9.08866E-01
 0.00000E+00
 9.07052E-01
 4.52846E-01
 4.52393E-01
 4.51939E-01
 4.51486E-01
 4.51032E-01
 4.85239E-01
 4.20117E-01
 4.49672E-01
 4.49219E-01
 4.48765E-01
 8.96205E-01
 4.47440E-01
 4.46987E-01
 4.46533E-01
 4.46080E-01
 4.45661E-01
 4.45208E-01
 4.44754E-01
 4.44301E-01
 8.87277E-01
 4.42976E-01
 4.42522E-01
 4.42104E-01
 4.41650E-01
 4.41197E-01
 4.40778E-01
 4.10970E-01
 4.39872E-01
 4.39453E-01
 8.77581E-01
 4.38128E-01
 4.37674E-01
 4.37256E-01
 4.36802E-01
 4.36384E-01
 4.06868E-01
 4.35512E-01
 4.35059E-01
 8.68827E-01
 0.00000E+00
 8.67118E-01
 4.32896E-01
 4.32478E-01
 4.32024E-01
 4.31606E-01
 4.31187E-01
 4.30734E-01
 4.01628E-01
 8.59305E-01
 4.29025E-01
 4.28606E-01
 4.28153E-01
 3.99219E-01
 4.27316E-01
 4.26862E-01
 4.26444E-01
 4.26025E-01
 3.97233E-01
 8.49923E-01
 4.24316E-01
 4.23898E-01
 4.23479E-01
 4.23061E-01
 4.22642E-01
 3.94076E-01
 4.21770E-01
 4.21352E-01
 4.20933E-01
 7.84570E-01
 4.51961E-01
 3.91309E-01
 4.18841E-01
 4.18422E-01
 4.18004E-01
 4.17585E-01
 4.17167E-01
 3.88965E-01
 8.32241E-01
 4.15492E-01
 4.15074E-01
 4.14655E-01
 3.86654E-01
 4.45688E-01
 4.13435E-01
 3.85482E-01
 8.24777E-01
 4.11761E-01
 3.83952E-01
 4.10958E-01
 3.83171E-01
 4.10121E-01
 4.09738E-01
 4.09319E-01
 4.08901E-01
 7.62142E-01
 4.07680E-01
 4.07261E-01
 3.79753E-01
 4.37725E-01
 4.06041E-01
 3.78613E-01
 4.05239E-01
 3.77832E-01
 8.08454E-01
 4.03634E-01
 4.03216E-01
 4.02797E-01
 4.02414E-01
 4.01995E-01
 4.01611E-01
 4.01193E-01
 4.00809E-01
 4.00391E-01
 7.99595E-01
 0.00000E+00
 7.97991E-01
 3.98403E-01
 3.98019E-01
 3.97600E-01
 3.70736E-01
 3.96798E-01
 3.96415E-01
 3.96031E-01
 7.90841E-01
 3.68522E-01
 4.24767E-01
 3.94043E-01
 3.67415E-01
 3.93241E-01
 3.92857E-01
 3.92473E-01
 3.92090E-01
 3.91671E-01
 3.91288E-01
 7.81424E-01
 3.64128E-01
 3.89718E-01
 3.89335E-01
 3.88951E-01
 3.88567E-01
 3.88184E-01
 3.87800E-01
 7.74379E-01
 0.00000E+00
 7.72845E-01
 3.85847E-01
 3.85463E-01
 3.85080E-01
 3.84696E-01
 3.84312E-01
 3.83929E-01
 3.83545E-01
 3.83161E-01
 3.57259E-01
 7.64404E-01
 3.81627E-01
 3.55827E-01
 3.80859E-01
 3.80476E-01
 3.80092E-01
 3.54395E-01
 3.79360E-01
 7.57568E-01
 3.78209E-01
 3.52637E-01
 3.77441E-01
 3.77058E-01
 3.76709E-01
 3.76325E-01
 3.75942E-01
 3.50521E-01
 7.50000E-01
 3.74442E-01
 3.74058E-01
 3.73710E-01
 3.48437E-01
 3.72942E-01
 3.72559E-01
 3.72210E-01
 3.71826E-01
 3.71443E-01
 7.41804E-01
 3.45638E-01
 3.69978E-01
 3.69594E-01
 3.69245E-01
 3.68862E-01
 3.68478E-01
 3.68129E-01
 3.67746E-01
 3.67397E-01
 7.33677E-01
 3.66281E-01
 3.65932E-01
 3.65548E-01
 3.65200E-01
 3.64816E-01
 3.64467E-01
 3.64083E-01
 3.63735E-01
 3.63386E-01
 7.25656E-01
 3.38118E-01
 3.61921E-01
 3.61572E-01
 3.61189E-01
 3.36784E-01
 3.60456E-01
 3.60107E-01
 7.19134E-01
 3.59026E-01
 3.58677E-01
 3.58329E-01
 3.57945E-01
 3.57596E-01
 3.33431E-01
 3.84352E-01
 3.32747E-01
 3.56166E-01
 7.11286E-01
 3.82437E-01
 3.31087E-01
 3.54388E-01
 3.54039E-01
 3.53690E-01
 3.29785E-01
 3.52992E-01
 3.52609E-01
 3.52260E-01
 7.03474E-01
 3.51214E-01
 3.50865E-01
 3.50516E-01
 3.50167E-01
 3.49819E-01
 3.49470E-01
 3.49121E-01
 3.25521E-01
 3.48424E-01
 3.48075E-01
 6.95103E-01
 3.47028E-01
 3.46680E-01
 3.46331E-01
 3.45982E-01
 3.45633E-01
 3.22266E-01
 3.44936E-01
 3.44587E-01
 6.88198E-01
 3.43576E-01
 3.43227E-01
 3.42878E-01
 3.42529E-01
 3.42181E-01
 3.41867E-01
 3.41518E-01
 3.41169E-01
 3.40820E-01
 3.17806E-01
 6.79967E-01
 3.39460E-01
 3.39146E-01
 3.38797E-01
 3.38449E-01
 3.15560E-01
 3.37786E-01
 3.37437E-01
 6.73863E-01
 0.00000E+00
 6.72503E-01
 3.35763E-01
 3.35414E-01
 3.35100E-01
 3.34752E-01
 3.12109E-01
 3.34089E-01
 3.33740E-01
 3.11198E-01
 6.65806E-01
 3.32415E-01
 3.32066E-01
 3.31752E-01
 3.31403E-01
 3.31090E-01
 3.30741E-01
 3.08398E-01
 6.59842E-01
 3.29415E-01
 3.29102E-01
 3.28788E-01
 3.06543E-01
 3.28125E-01
 3.27776E-01
 3.05632E-01
 3.27148E-01
 3.26800E-01
 6.09115E-01
 3.25823E-01
 3.25509E-01
 3.25160E-01
 3.03190E-01
 3.24533E-01
 3.24184E-01
 3.02279E-01
 3.23556E-01
 6.46136E-01
 3.22580E-01
 3.22266E-01
 3.21952E-01
 3.21603E-01
 3.21289E-01
 2.99577E-01
 3.20661E-01
 3.20347E-01
 3.19999E-01
 6.39056E-01
 3.19057E-01
 3.18743E-01
 3.18429E-01
 2.96875E-01
 3.17766E-01
 3.17453E-01
 3.17139E-01
 3.16825E-01
 6.32708E-01
 3.15883E-01
 3.15569E-01
 3.15255E-01
 3.14941E-01
 3.14627E-01
 3.14314E-01
 3.14000E-01
 3.13686E-01
 2.92480E-01
 6.25802E-01
 3.36463E-01
 2.91309E-01
 3.11802E-01
 3.11489E-01
 3.11175E-01
 3.10861E-01
 2.89844E-01
 3.10233E-01
 6.19524E-01
 3.09291E-01
 3.09012E-01
 3.32444E-01
 2.87826E-01
 3.08071E-01
 3.07757E-01
 3.07443E-01
 3.07164E-01
 3.06850E-01
 2.86100E-01
 6.12130E-01
 3.05629E-01
 3.05315E-01
 3.05001E-01
 3.04688E-01
 3.04408E-01
 3.04095E-01
 3.03781E-01
 3.03467E-01
 3.03188E-01
 6.05434E-01
 3.02281E-01
 2.81836E-01
 3.01653E-01
 3.01374E-01
 3.01060E-01
 3.00746E-01
 3.00467E-01
 3.00153E-01
 5.99435E-01
 2.99247E-01
 2.98968E-01
 2.78743E-01
 2.98375E-01
 2.98061E-01
 2.97782E-01
 2.97468E-01
 2.97189E-01
 5.93471E-01
 2.96282E-01
 2.96003E-01
 2.75977E-01
 2.95410E-01
 2.95096E-01
 2.94817E-01
 2.74870E-01
 2.94224E-01
 3.16519E-01
 2.93631E-01
 5.47266E-01
 2.92759E-01
 2.92446E-01
 2.92167E-01
 2.91888E-01
 2.91574E-01
 2.91295E-01
 2.90981E-01
 2.90702E-01
 2.90423E-01
 5.79939E-01
 2.89551E-01
 2.69954E-01
 2.88958E-01
 2.88679E-01
 2.88400E-01
 2.88086E-01
 2.87807E-01
 2.87528E-01
 5.35905E-01
 2.86656E-01
 2.86377E-01
 2.86098E-01
 2.85819E-01
 2.85505E-01
 2.85226E-01
 2.84947E-01
 2.84668E-01
 2.65430E-01
 2.84075E-01
 5.67313E-01
 2.83238E-01
 2.82959E-01
 2.82680E-01
 2.82401E-01
 2.82122E-01
 2.81843E-01
 2.81529E-01
 2.81250E-01
 2.62240E-01
 5.61105E-01
 2.80134E-01
 2.79855E-01
 2.79576E-01
 2.79297E-01
 2.79018E-01
 2.78739E-01
 2.59896E-01
 2.78181E-01
 5.55525E-01
 2.77344E-01
 2.58594E-01
 2.76786E-01
 2.76507E-01
 2.57813E-01
 2.75984E-01
 2.75705E-01
 2.75425E-01
 5.13346E-01
 2.74588E-01
 2.74309E-01
 2.74030E-01
 2.73751E-01
 2.55273E-01
 2.73228E-01
 2.72949E-01
 2.72670E-01
 5.44503E-01
 2.71868E-01
 2.53483E-01
 2.71310E-01
 2.71031E-01
 2.70787E-01
 2.70508E-01
 2.70229E-01
 5.39655E-01
 2.69427E-01
 2.69148E-01
 2.68869E-01
 2.68624E-01
 2.50456E-01
 2.68066E-01
 2.67822E-01
 2.67543E-01
 2.67264E-01
 5.33761E-01
 0.00000E+00
 5.32680E-01
 2.65939E-01
 2.47949E-01
 2.65416E-01
 2.85532E-01
 2.47233E-01
 2.64614E-01
 2.64335E-01
 2.64090E-01
 4.92220E-01
 2.63288E-01
 2.63044E-01
 2.62765E-01
 2.62486E-01
 2.62242E-01
 2.61963E-01
 2.61719E-01
 2.61440E-01
 2.43783E-01
 5.21589E-01
 2.60393E-01
 2.60149E-01
 2.59905E-01
 2.59626E-01
 2.59382E-01
 2.59103E-01
 2.41602E-01
 2.58580E-01
 2.58336E-01
 5.15904E-01
 2.57568E-01
 2.57289E-01
 2.57045E-01
 2.39681E-01
 2.56522E-01
 2.56278E-01
 2.56034E-01
 2.55755E-01
 4.76725E-01
 2.54987E-01
 2.54743E-01
 2.54499E-01
 2.54220E-01
 2.53976E-01
 2.53732E-01
 2.36556E-01
 2.53209E-01
 5.05685E-01
 2.52441E-01
 2.35384E-01
 2.51953E-01
 2.51709E-01
 2.51465E-01
 2.51186E-01
 2.50942E-01
 2.33984E-01
 5.00663E-01
 2.49930E-01
 2.49686E-01
 2.49442E-01
 2.32585E-01
 2.48954E-01
 2.48710E-01
 2.48431E-01
 2.48186E-01
 2.47942E-01
 4.62142E-01
 2.47210E-01
 2.46966E-01
 2.46722E-01
 2.30046E-01
 2.46233E-01
 2.45989E-01
 2.45710E-01
