20.000
20.000
20.000
20.000
21.464
23.984
26.875
29.430
31.901
34.291
36.587
38.797
40.930
42.988
44.975
46.893
48.749
50.536
52.265
53.933
55.544
57.098
58.598
60.042
61.435
62.780
64.078
65.332
66.544
67.714
68.841
69.931
70.983
71.999
72.978
73.924
74.837
75.716
76.566
77.386
78.178
78.942
79.678
80.389
81.075
81.738
82.376
82.993
83.589
84.163
84.717
85.253
85.769
86.266
86.747
87.211
87.658
88.090
88.507
88.911
89.299
89.674
90.037
90.386
90.724
91.049
91.363
91.666
91.960
92.242
92.514
92.777
93.030
93.276
93.512
93.740
93.960
94.173
94.378
94.576
94.767
94.952
95.130
95.301
95.467
95.627
95.781
95.930
96.074
96.213
96.347
96.476
96.601
96.721
96.837
96.949
97.057
97.162
97.263
97.360
97.454
97.544
97.632
97.716
97.797
97.876
97.951
98.024
98.095
98.163
98.235
98.292
98.359
98.418
98.475
98.529
98.582
98.633
98.682
98.729
98.775
98.819
98.862
98.903
98.942
98.981
99.017
99.053
99.087
99.120
99.152
99.183
99.213
99.242
99.269
99.296
99.322
99.347
99.371
99.394
99.416
99.438
99.458
99.478
99.498
99.516
99.534
99.552
99.568
99.584
99.600
99.615
99.629
99.643
99.657
99.670
99.682
99.694
99.707
99.718
99.729
99.739
99.749
99.759
99.768
99.777
99.786
99.794
99.802
99.810
99.818
99.825
99.832
99.839
99.845
99.851
99.857
99.863
99.869
99.874
99.879
99.884
99.889
99.894
99.898
99.902
99.906
99.910
99.914
99.918
99.921
99.925
99.928
99.931
99.934
99.937
99.940
99.943
99.946
99.948
99.951
99.953
99.955
99.957
99.959
99.962
99.963
99.965
99.967
99.969
99.970
99.972
99.974
99.975
99.977
99.978
99.980
99.981
99.982
99.983
99.984
99.985
99.986
99.987
99.988
99.989
99.990
99.991
99.992
99.993
99.993
99.994
99.995
99.995
99.996
99.997
99.997
99.998
99.998
99.999
99.999
100.000
100.000
100.000
100.001
100.001
100.002
100.002
100.002
100.003
100.003
100.003
100.003
100.004
100.004
100.004
100.004
100.005
100.005
100.005
100.005
100.005
100.005
100.006
100.006
100.006
100.006
100.006
100.006
100.006
100.006
100.006
100.006
100.007
100.007
100.007
100.007
100.007
100.007
100.007
100.007
100.007
100.007
100.007
100.007
100.007
100.007
100.007
100.007
100.007
100.007
100.007
100.007
100.007
100.007
100.007
100.007
100.007
100.007
100.007
100.007
100.007
100.007
100.007
100.007
100.007
100.007
100.007
100.007
100.007
100.007
100.007
100.007
100.007
100.007
100.007
100.007
100.007
100.007
100.007
100.007
100.006
100.006
100.006
100.006
100.006
100.006
100.006
100.006
100.006
100.006
100.006
100.006
100.006
100.006
100.006
100.006
100.006
100.006
100.006
100.006
100.006
100.005
100.005
100.005
100.005
100.005
100.005
100.005
100.005
100.005
100.005
100.005
100.005
100.005
100.005
100.005
100.005
100.005
100.005
100.005
100.005
100.005
100.005
100.005
100.005
100.005
100.004
100.004
100.004
100.004
100.004
100.004
100.004
100.004
100.004
100.004
100.004
100.004
100.004
100.004
100.004
100.004
100.004
100.004
100.004
100.004
100.004
100.004
100.004
100.004
100.004
100.004
100.004
100.004
100.004
100.004
100.004
100.004
100.004
100.003
100.003
100.003
100.003
100.003
100.003
100.003
100.003
100.003
100.003
100.003
100.003
100.003
100.003
100.003
100.003
100.003
100.003
100.003
100.003
100.003
100.003
100.003
100.003
100.003
100.003
100.003
100.003
100.003
100.003
100.003
100.003
100.003
100.003
100.003
100.003
100.003
100.003
100.003
100.003
100.003
100.002
100.002
100.002
100.002
100.002
100.002
100.002
100.002
100.002
100.002
100.002
100.002
100.002
100.002
100.002
100.002
100.002
100.002
100.002
100.002
100.002
100.002
100.002
100.002
100.002
100.002
100.002
100.002
100.002
100.002
100.002
100.002
100.002
100.002
100.002
100.002
100.002
100.002
100.002
100.002
100.002
100.002
100.002
100.002
100.002
100.002
100.002
100.002
100.002
100.002
100.002
100.002
100.002
100.002
100.002
100.002
100.002
100.002
100.002
100.002
100.002
100.002
100.002
100.002
100.002
100.002
100.002
100.002
100.002
100.001
100.001
100.001
100.001
100.001
100.001
100.001
100.001
100.001
100.001
100.001
100.001
100.001
100.001
100.001
100.001
100.001
100.001
100.001
100.001
100.001
100.001
100.001
100.001
100.001
100.001
100.001
100.001
100.001
100.001
100.001
100.001
100.001
100.001
100.001
100.001
100.001
100.001
100.001
100.001
100.001
100.001
100.001
100.001
100.001
100.001
100.001
100.001
100.001
100.001
100.001
100.001
100.001
100.001
100.001
100.001
100.001
100.001
100.001
100.001
100.001
100.001
100.001
100.001
100.001
100.001
100.001
100.001
100.001
100.001
100.001
100.001
100.001
100.001
100.001
100.001
100.001
100.001
100.001
100.001
100.001
100.001
100.001
100.001
100.001
100.001
100.001
100.001
100.001
100.001
100.001
100.001
100.001
100.001
100.001
100.001
100.001
100.001
100.001
