20.000
20.000
23.293
29.562
35.469
41.207
46.740
52.081
57.236
62.211
67.026
71.661
76.147
80.465
84.632
88.655
92.537
96.284
99.901
103.393
106.762
110.023
113.162
116.192
119.116
121.939
124.663
127.299
129.837
132.287
134.651
136.933
139.135
141.267
143.318
145.299
147.210
149.055
150.835
152.554
154.212
155.974
157.514
159.005
160.438
161.820
163.155
164.443
165.686
166.886
168.044
169.271
170.346
171.385
172.385
173.350
174.282
175.182
176.050
176.890
177.698
178.479
179.232
179.959
180.661
181.338
181.994
182.624
183.233
183.821
184.388
184.936
185.464
185.974
186.466
186.941
187.399
187.842
188.269
188.682
189.080
189.464
189.834
190.192
190.537
190.870
191.191
191.502
191.801
192.091
192.370
192.639
192.899
193.149
193.391
193.625
193.850
194.089
194.299
194.501
194.695
194.883
195.064
195.239
195.407
195.570
195.727
195.879
196.025
196.167
196.303
196.435
196.537
196.684
196.802
196.917
197.027
197.133
197.235
197.334
197.429
197.521
197.610
197.696
197.779
197.859
197.935
198.010
198.081
198.151
198.218
198.282
198.344
198.404
198.462
198.518
198.572
198.624
198.679
198.727
198.773
198.818
198.861
198.903
198.943
198.982
199.020
199.056
199.090
199.124
199.157
199.188
199.218
199.247
199.275
199.302
199.328
199.354
199.378
199.401
199.424
199.446
199.467
199.487
199.507
199.526
199.544
199.561
199.578
199.595
199.610
199.625
199.640
199.654
199.668
199.681
199.693
199.706
199.717
199.729
199.739
199.750
199.760
199.770
199.779
199.789
199.798
199.806
199.814
199.822
199.830
199.837
199.844
199.850
199.857
199.863
199.869
199.875
199.880
199.886
199.891
199.896
199.901
199.905
199.910
199.914
199.918
199.922
199.926
199.930
199.933
199.937
199.940
199.943
199.946
199.949
199.952
199.954
199.957
199.959
199.962
199.964
199.966
199.968
199.970
199.972
199.974
199.976
199.978
199.979
199.981
199.982
199.984
199.985
199.987
199.988
199.989
199.990
199.992
199.993
199.994
199.995
199.996
199.997
199.998
199.998
199.999
200.000
200.001
200.001
200.002
200.003
200.003
200.004
200.004
200.005
200.005
200.006
200.006
200.007
200.007
200.008
200.008
200.008
200.008
200.009
200.009
200.009
200.010
200.010
200.010
200.010
200.011
200.011
200.011
200.011
200.011
200.011
200.011
200.012
200.012
200.012
200.012
200.012
200.012
200.012
200.012
200.012
200.012
200.012
200.012
200.012
200.012
200.012
200.012
200.012
200.012
200.012
200.012
200.012
200.012
200.012
200.012
200.012
200.012
200.012
200.012
200.012
200.012
200.012
200.012
200.012
200.012
200.012
200.012
200.012
200.012
200.012
200.012
200.012
200.012
200.012
200.012
200.012
200.012
200.012
200.012
200.012
200.011
200.011
200.011
200.011
200.011
200.011
200.011
200.011
200.011
200.011
200.010
200.010
200.010
200.010
200.010
200.010
200.010
200.010
200.010
200.010
200.010
200.010
200.010
200.010
200.010
200.009
200.009
200.009
200.009
200.009
200.009
200.009
200.009
200.009
200.009
200.009
200.009
200.009
200.008
200.008
200.008
200.008
200.008
200.008
200.008
200.008
200.008
200.008
200.008
200.008
200.008
200.008
200.008
200.007
200.007
200.007
200.007
200.007
200.007
200.007
200.007
200.007
200.007
200.007
200.007
200.007
200.007
200.007
200.007
200.007
200.007
200.007
200.007
200.007
200.006
200.006
200.006
200.006
200.006
200.006
200.006
200.006
200.006
200.006
200.006
200.006
200.006
200.006
200.006
200.006
200.006
200.006
200.006
200.006
200.005
200.005
200.005
200.005
200.005
200.005
200.005
200.005
200.005
200.005
200.005
200.005
200.005
200.005
200.005
200.005
200.005
200.005
200.005
200.005
200.005
200.005
200.005
200.005
200.005
200.005
200.005
200.004
200.004
200.004
200.004
200.004
200.004
200.004
200.004
200.004
200.004
200.004
200.004
200.004
200.004
200.004
200.004
200.004
200.004
200.004
200.004
200.004
200.004
200.004
200.004
200.004
200.004
200.004
200.004
200.004
200.003
200.003
200.003
200.003
200.003
200.003
200.003
200.003
200.003
200.003
200.003
200.003
200.003
200.003
200.003
200.003
200.003
200.003
200.003
200.003
200.003
200.003
200.003
200.003
200.003
200.003
200.003
200.003
200.003
200.003
200.003
200.003
200.003
200.003
200.003
200.003
200.003
200.003
200.003
200.003
200.003
200.003
200.003
200.003
200.002
200.002
200.002
200.002
200.002
200.002
200.002
200.002
200.002
200.002
200.002
200.002
200.002
200.002
200.002
200.002
200.002
200.002
200.002
200.002
200.002
200.002
200.002
200.002
200.002
200.002
200.002
200.002
200.002
200.002
200.002
200.002
200.002
200.002
200.002
200.002
200.002
200.002
200.002
200.002
200.002
200.002
200.002
200.002
200.002
200.002
200.002
200.002
200.002
200.002
200.002
200.002
200.002
200.002
200.002
200.002
200.002
200.002
200.002
200.002
200.002
200.002
200.002
200.002
200.001
200.001
200.001
200.001
200.001
200.001
200.001
200.001
200.001
200.001
200.001
200.001
200.001
200.001
